{
 "cells": [
  {
   "cell_type": "markdown",
   "source": [
    "# Coordinate systems and transforms of Synthesis AI face dataset"
   ],
   "metadata": {
    "collapsed": false,
    "pycharm": {
     "name": "#%% md\n"
    }
   }
  },
  {
   "cell_type": "markdown",
   "metadata": {
    "collapsed": true,
    "pycharm": {
     "name": "#%% md\n"
    }
   },
   "source": [
    "At first, we install some dependencies.\n",
    "\n",
    "Installing `face_api_dataset` from the github it it's not already installed."
   ]
  },
  {
   "cell_type": "code",
   "execution_count": 1,
   "outputs": [
    {
     "name": "stdout",
     "output_type": "stream",
     "text": [
      "face_api_dataset is already installed\n"
     ]
    }
   ],
   "source": [
    "%%bash\n",
    "\n",
    "(python -c \"import face_api_dataset\")\n",
    "if [ $? -eq 0 ]\n",
    "then\n",
    "    echo \"face_api_dataset is already installed\"\n",
    "else\n",
    "    echo \"installing face_api_dataset from github\"\n",
    "    pip install git+https://github.com/Synthesis-AI-Dev/face_api_dataset.git\n",
    "fi"
   ],
   "metadata": {
    "collapsed": false,
    "pycharm": {
     "name": "#%%\n"
    }
   }
  },
  {
   "cell_type": "markdown",
   "source": [
    "Installing `git lfs` from the github it it's not already installed."
   ],
   "metadata": {
    "collapsed": false
   }
  },
  {
   "cell_type": "code",
   "execution_count": 2,
   "outputs": [
    {
     "name": "stdout",
     "output_type": "stream",
     "text": [
      "git lfs is already installed\n"
     ]
    }
   ],
   "source": [
    "%%bash\n",
    "\n",
    "(git lfs install > /dev/null)\n",
    "if [ $? -eq 0 ]\n",
    "then\n",
    "    echo \"git lfs is already installed\"\n",
    "else\n",
    "    echo \"installing git lfs\"\n",
    "    case \"$(uname -s)\" in\n",
    "\n",
    "       Darwin)\n",
    "         brew install git-lfs\n",
    "         ;;\n",
    "\n",
    "       Linux)\n",
    "         curl -s https://packagecloud.io/install/repositories/github/git-lfs/script.deb.sh | sudo bash\n",
    "         apt-get install git-lfs\n",
    "         ;;\n",
    "\n",
    "       *)\n",
    "         echo \"This cell can't install git lfs your OS. Please take care of it yourself.\"\n",
    "         ;;\n",
    "    esac\n",
    "fi"
   ],
   "metadata": {
    "collapsed": false,
    "pycharm": {
     "name": "#%%\n"
    }
   }
  },
  {
   "cell_type": "markdown",
   "source": [
    "Pulling the test dataset for the example"
   ],
   "metadata": {
    "collapsed": false
   }
  },
  {
   "cell_type": "code",
   "execution_count": 3,
   "outputs": [
    {
     "name": "stdout",
     "output_type": "stream",
     "text": [
      "test_dataset is already present\n"
     ]
    }
   ],
   "source": [
    "%%bash\n",
    "\n",
    "if [ -d \"../test_dataset\" ]\n",
    "then\n",
    "    echo \"test_dataset is already present\"\n",
    "else\n",
    "    echo \"downloading test_dataset\"\n",
    "    git clone https://github.com/Synthesis-AI-Dev/face_api_dataset\n",
    "    mv face_api_dataset/test_dataset ..\n",
    "    rm -rf face_api_dataset\n",
    "fi"
   ],
   "metadata": {
    "collapsed": false,
    "pycharm": {
     "name": "#%%\n"
    }
   }
  },
  {
   "cell_type": "markdown",
   "source": [
    "Finally we add some imports for the visualisation."
   ],
   "metadata": {
    "collapsed": false
   }
  },
  {
   "cell_type": "code",
   "execution_count": 4,
   "outputs": [],
   "source": [
    "import cv2\n",
    "%matplotlib inline"
   ],
   "metadata": {
    "collapsed": false,
    "pycharm": {
     "name": "#%%\n"
    }
   }
  },
  {
   "cell_type": "code",
   "execution_count": 5,
   "outputs": [],
   "source": [
    "import numpy as np"
   ],
   "metadata": {
    "collapsed": false,
    "pycharm": {
     "name": "#%%\n"
    }
   }
  },
  {
   "cell_type": "markdown",
   "source": [
    "We use `FaceApiDataset` class to access synthesis datasets.\n"
   ],
   "metadata": {
    "collapsed": false,
    "pycharm": {
     "name": "#%% md\n"
    }
   }
  },
  {
   "cell_type": "code",
   "execution_count": 6,
   "outputs": [],
   "source": [
    "from face_api_dataset import FaceApiDataset, Modality"
   ],
   "metadata": {
    "collapsed": false,
    "pycharm": {
     "name": "#%%\n"
    }
   }
  },
  {
   "cell_type": "markdown",
   "source": [
    "**Warning!** Some of modalities requires additional libraries to be installed:\n",
    "`SEGMENTS` and `RGB` modalities use `opencv-python` library,\n",
    " while `DEPTH`, `ALPHA` and `NORMALS` modalities\n",
    " use `tiffile`  and `imagecodecs` libraries for effective work with floating point tiff files.\n",
    " If dataset with these modalities will be created without corresponding libraries present, an `ImportError` is raised.\n"
   ],
   "metadata": {
    "collapsed": false
   }
  },
  {
   "cell_type": "code",
   "execution_count": 7,
   "outputs": [],
   "source": [
    "data_root = \"../test_dataset\"\n",
    "dataset = FaceApiDataset(data_root,\n",
    "                        modalities=[Modality.RGB, Modality.CAM_TO_HEAD, Modality.HEAD_TO_CAM,\n",
    "                                    Modality.WORLD_TO_HEAD, Modality.HEAD_TO_WORLD, Modality.WORLD_TO_CAM,\n",
    "                                    Modality.CAM_TO_WORLD, Modality.LANDMARKS_3D_IBUG68\n",
    "                                   ])"
   ],
   "metadata": {
    "collapsed": false,
    "pycharm": {
     "name": "#%%\n"
    }
   }
  },
  {
   "cell_type": "code",
   "execution_count": 8,
   "outputs": [
    {
     "data": {
      "text/plain": "13"
     },
     "execution_count": 8,
     "metadata": {},
     "output_type": "execute_result"
    }
   ],
   "source": [
    "len(dataset)"
   ],
   "metadata": {
    "collapsed": false,
    "pycharm": {
     "name": "#%%\n"
    }
   }
  },
  {
   "cell_type": "markdown",
   "source": [
    "There are 13 items in the test dataset. Let's explore them closer."
   ],
   "metadata": {
    "collapsed": false
   }
  },
  {
   "cell_type": "code",
   "execution_count": 9,
   "outputs": [],
   "source": [
    "item = dataset[0]\n",
    "item2 = dataset[1]"
   ],
   "metadata": {
    "collapsed": false,
    "pycharm": {
     "name": "#%%\n"
    }
   }
  },
  {
   "cell_type": "markdown",
   "source": [
    "Each item is a dict with different modalities as keys."
   ],
   "metadata": {
    "collapsed": false
   }
  },
  {
   "cell_type": "code",
   "execution_count": 10,
   "outputs": [
    {
     "name": "stdout",
     "output_type": "stream",
     "text": [
      "dict_keys([<Modality.RGB: 2>, <Modality.LANDMARKS_3D_IBUG68: 13>, <Modality.HEAD_TO_CAM: 27>, <Modality.CAM_TO_HEAD: 28>, <Modality.HEAD_TO_WORLD: 29>, <Modality.WORLD_TO_HEAD: 30>, <Modality.CAM_TO_WORLD: 31>, <Modality.WORLD_TO_CAM: 32>])\n"
     ]
    }
   ],
   "source": [
    "print(item.keys())"
   ],
   "metadata": {
    "collapsed": false,
    "pycharm": {
     "name": "#%%\n"
    }
   }
  },
  {
   "cell_type": "markdown",
   "source": [
    "In Synthesis AI face dataset we use 3 different coordinate systems:\n",
    "1.  World coordinate system.\n",
    "2.  Camera coordinate system, centered at the camera with x-axis directed right, y-axis directed top and z-axis directed towards the camera.\n",
    "3.  Face coordinate system, centered at the center of the face with x-axis directed toward the left ear, y-axis directed to the top of the head and z-axis directed towards the nose."
   ],
   "metadata": {
    "collapsed": false,
    "pycharm": {
     "name": "#%% md\n"
    }
   }
  },
  {
   "cell_type": "markdown",
   "source": [
    "We provide transformations between head, camera and world coordinates systems as 4x4 matrices in homogeneous coordinates."
   ],
   "metadata": {
    "collapsed": false,
    "pycharm": {
     "name": "#%% md\n"
    }
   }
  },
  {
   "cell_type": "code",
   "execution_count": 11,
   "outputs": [
    {
     "data": {
      "text/plain": "array([[ 0.91943557,  0.38773762, -0.06555085, -0.04506141],\n       [-0.3678648 ,  0.90698111,  0.20508672,  0.21287085],\n       [ 0.13897369, -0.16445034,  0.97654591,  0.96441826],\n       [ 0.        ,  0.        ,  0.        ,  1.        ]])"
     },
     "execution_count": 11,
     "metadata": {},
     "output_type": "execute_result"
    }
   ],
   "source": [
    "item[Modality.CAM_TO_HEAD]"
   ],
   "metadata": {
    "collapsed": false,
    "pycharm": {
     "name": "#%%\n"
    }
   }
  },
  {
   "cell_type": "code",
   "execution_count": 12,
   "outputs": [
    {
     "data": {
      "text/plain": "array([[ 0.91943598, -0.36786401,  0.13897333, -0.0142898 ],\n       [ 0.38773882,  0.90698159, -0.1644503 , -0.01699901],\n       [-0.06555107,  0.20508698,  0.97654647, -0.98841011],\n       [ 0.        ,  0.        ,  0.        ,  1.        ]])"
     },
     "execution_count": 12,
     "metadata": {},
     "output_type": "execute_result"
    }
   ],
   "source": [
    "item[Modality.HEAD_TO_CAM]"
   ],
   "metadata": {
    "collapsed": false,
    "pycharm": {
     "name": "#%%\n"
    }
   }
  },
  {
   "cell_type": "code",
   "execution_count": 13,
   "outputs": [
    {
     "data": {
      "text/plain": "array([[ 0.91943598, -0.36786401,  0.13897333, -0.01408178],\n       [ 0.38773882,  0.90698159, -0.1644503 ,  1.52233601],\n       [-0.06555107,  0.20508698,  0.97654647,  0.07845503],\n       [ 0.        ,  0.        ,  0.        ,  1.        ]])"
     },
     "execution_count": 13,
     "metadata": {},
     "output_type": "execute_result"
    }
   ],
   "source": [
    "item[Modality.HEAD_TO_WORLD]"
   ],
   "metadata": {
    "collapsed": false,
    "pycharm": {
     "name": "#%%\n"
    }
   }
  },
  {
   "cell_type": "code",
   "execution_count": 14,
   "outputs": [
    {
     "data": {
      "text/plain": "array([[ 0.91943557,  0.38773762, -0.06555085, -0.57217686],\n       [-0.3678648 ,  0.90698111,  0.20508672, -1.40200027],\n       [ 0.13897369, -0.16445034,  0.97654591,  0.17569073],\n       [ 0.        ,  0.        ,  0.        ,  1.        ]])"
     },
     "execution_count": 14,
     "metadata": {},
     "output_type": "execute_result"
    }
   ],
   "source": [
    "item[Modality.WORLD_TO_HEAD]"
   ],
   "metadata": {
    "collapsed": false,
    "pycharm": {
     "name": "#%%\n"
    }
   }
  },
  {
   "cell_type": "code",
   "execution_count": 15,
   "outputs": [
    {
     "data": {
      "text/plain": "array([[ 1.00000000e+00,  5.67512214e-19, -1.73472368e-18,\n         2.08026977e-04],\n       [-5.67512214e-19,  1.00000000e+00, -1.21480170e-16,\n         1.53933501e+00],\n       [ 1.73472368e-18,  1.21480170e-16,  1.00000000e+00,\n         1.06686514e+00],\n       [ 0.00000000e+00,  0.00000000e+00,  0.00000000e+00,\n         1.00000000e+00]])"
     },
     "execution_count": 15,
     "metadata": {},
     "output_type": "execute_result"
    }
   ],
   "source": [
    "item[Modality.CAM_TO_WORLD]"
   ],
   "metadata": {
    "collapsed": false,
    "pycharm": {
     "name": "#%%\n"
    }
   }
  },
  {
   "cell_type": "code",
   "execution_count": 16,
   "outputs": [
    {
     "data": {
      "text/plain": "array([[ 1.00000000e+00, -5.96311195e-19,  1.73472368e-18,\n        -2.08026977e-04],\n       [ 5.67512214e-19,  1.00000000e+00,  1.21480170e-16,\n        -1.53933501e+00],\n       [-1.73472368e-18, -2.22044605e-16,  1.00000000e+00,\n        -1.06686514e+00],\n       [ 0.00000000e+00,  0.00000000e+00,  0.00000000e+00,\n         1.00000000e+00]])"
     },
     "execution_count": 16,
     "metadata": {},
     "output_type": "execute_result"
    }
   ],
   "source": [
    "item[Modality.WORLD_TO_CAM]"
   ],
   "metadata": {
    "collapsed": false,
    "pycharm": {
     "name": "#%%\n"
    }
   }
  },
  {
   "cell_type": "markdown",
   "source": [
    "X_TO_Y transform is always inverse of Y_TO_X:"
   ],
   "metadata": {
    "collapsed": false,
    "pycharm": {
     "name": "#%% md\n"
    }
   }
  },
  {
   "cell_type": "code",
   "execution_count": 17,
   "outputs": [],
   "source": [
    "np.testing.assert_allclose(item[Modality.CAM_TO_HEAD] @ item[Modality.HEAD_TO_CAM], np.eye(4), atol=1e-10)\n",
    "np.testing.assert_allclose(item[Modality.HEAD_TO_WORLD] @ item[Modality.WORLD_TO_HEAD], np.eye(4), atol=1e-10)\n",
    "np.testing.assert_allclose(item[Modality.CAM_TO_WORLD] @ item[Modality.WORLD_TO_CAM], np.eye(4), atol=1e-10)"
   ],
   "metadata": {
    "collapsed": false,
    "pycharm": {
     "name": "#%%\n"
    }
   }
  },
  {
   "cell_type": "markdown",
   "source": [
    "And composition of X_TO_Y and Z_TO_X transforms always give Z_TO_Y transform:"
   ],
   "metadata": {
    "collapsed": false,
    "pycharm": {
     "name": "#%% md\n"
    }
   }
  },
  {
   "cell_type": "code",
   "execution_count": 18,
   "outputs": [],
   "source": [
    "np.testing.assert_allclose(item[Modality.CAM_TO_WORLD], item[Modality.HEAD_TO_WORLD] @ item[Modality.CAM_TO_HEAD], atol=1e-10)\n"
   ],
   "metadata": {
    "collapsed": false,
    "pycharm": {
     "name": "#%%\n"
    }
   }
  },
  {
   "cell_type": "markdown",
   "source": [
    "All 3D coordinates (ex. landmarks) are always given in camera coordinates."
   ],
   "metadata": {
    "collapsed": false,
    "pycharm": {
     "name": "#%% md\n"
    }
   }
  },
  {
   "cell_type": "code",
   "execution_count": 19,
   "outputs": [
    {
     "data": {
      "text/plain": "(-0.08835702389478683, -0.040816426277160645, -1.025882363319397)"
     },
     "execution_count": 19,
     "metadata": {},
     "output_type": "execute_result"
    }
   ],
   "source": [
    "item[Modality.LANDMARKS_3D_IBUG68]['0']"
   ],
   "metadata": {
    "collapsed": false,
    "pycharm": {
     "name": "#%%\n"
    }
   }
  },
  {
   "cell_type": "markdown",
   "source": [
    "If we want to get coordinates in the face coordinate system (they should be independent on camera position and pitch/yaw/roll values),\n",
    "we need to multiply them by CAM_TO_HEAD transform.\n",
    "\n",
    "However, as matrices are in homogeneous coordinates, first we will need to transform them to homogeneous coordinates:"
   ],
   "metadata": {
    "collapsed": false,
    "pycharm": {
     "name": "#%% md\n"
    }
   }
  },
  {
   "cell_type": "code",
   "execution_count": 20,
   "outputs": [],
   "source": [
    "def to_homogeneous(xs):\n",
    "    xs_array = np.array(xs)\n",
    "    assert (xs_array.shape[-1] == 3)\n",
    "    ones_shape = list(xs_array.shape)\n",
    "    ones_shape[-1] = 1\n",
    "    homogeneous = np.concatenate([xs_array, np.ones(ones_shape)], axis=-1)\n",
    "    return homogeneous"
   ],
   "metadata": {
    "collapsed": false,
    "pycharm": {
     "name": "#%%\n"
    }
   }
  },
  {
   "cell_type": "code",
   "execution_count": 21,
   "outputs": [
    {
     "data": {
      "text/plain": "array([-0.08835702, -0.04081643, -1.02588236,  1.        ])"
     },
     "execution_count": 21,
     "metadata": {},
     "output_type": "execute_result"
    }
   ],
   "source": [
    "homogeneous_cam = to_homogeneous(item[Modality.LANDMARKS_3D_IBUG68]['0'])\n",
    "homogeneous_cam"
   ],
   "metadata": {
    "collapsed": false,
    "pycharm": {
     "name": "#%%\n"
    }
   }
  },
  {
   "cell_type": "markdown",
   "source": [
    "We wrote our own function instead of using opecv one, so it can work with multidimensional arrays of points.\n",
    "Opencv function can work only with 1-d arrays of points, neither single point, nor multidimensional arrays are supported.\n",
    "In this particular case, opencv function will suffice:"
   ],
   "metadata": {
    "collapsed": false,
    "pycharm": {
     "name": "#%% md\n"
    }
   }
  },
  {
   "cell_type": "code",
   "source": [
    "cv2.convertPointsToHomogeneous(np.array([item[Modality.LANDMARKS_3D_IBUG68]['0']]))[0]"
   ],
   "metadata": {
    "collapsed": false,
    "pycharm": {
     "name": "#%%\n"
    }
   },
   "execution_count": 22,
   "outputs": [
    {
     "data": {
      "text/plain": "array([[-0.08835702, -0.04081643, -1.02588236,  1.        ]])"
     },
     "execution_count": 22,
     "metadata": {},
     "output_type": "execute_result"
    }
   ]
  },
  {
   "cell_type": "markdown",
   "source": [
    "Now, we can compute homogeneous coordinates in head coordinate system."
   ],
   "metadata": {
    "collapsed": false
   }
  },
  {
   "cell_type": "code",
   "execution_count": 23,
   "outputs": [
    {
     "data": {
      "text/plain": "array([-0.07487861, -0.00204029, -0.04296999,  1.        ])"
     },
     "execution_count": 23,
     "metadata": {},
     "output_type": "execute_result"
    }
   ],
   "source": [
    "homogeneous_head = item[Modality.CAM_TO_HEAD] @ homogeneous_cam\n",
    "homogeneous_head"
   ],
   "metadata": {
    "collapsed": false,
    "pycharm": {
     "name": "#%%\n"
    }
   }
  },
  {
   "cell_type": "markdown",
   "source": [
    "Now, we need to transform back to euclidian coordinates:"
   ],
   "metadata": {
    "collapsed": false,
    "pycharm": {
     "name": "#%% md\n"
    }
   }
  },
  {
   "cell_type": "code",
   "execution_count": 24,
   "outputs": [],
   "source": [
    "def from_homogeneous(xs):\n",
    "    xs_array = np.array(xs)\n",
    "    assert (xs_array.shape[-1] == 4)\n",
    "\n",
    "    slice_but_last = list(xs_array.shape)\n",
    "    slice_but_last[-1] = slice(None, -1)\n",
    "    slice_but_last = tuple(slice_but_last)\n",
    "\n",
    "    slice_last = list(xs_array.shape)\n",
    "    slice_last[-1] = slice(-1, None)\n",
    "    slice_last = tuple(slice_last)\n",
    "\n",
    "    return xs_array[slice_but_last] / xs_array[slice_last]"
   ],
   "metadata": {
    "collapsed": false,
    "pycharm": {
     "name": "#%%\n"
    }
   }
  },
  {
   "cell_type": "markdown",
   "source": [
    "And we can compute euclidian coordinates in the head space as:"
   ],
   "metadata": {
    "collapsed": false,
    "pycharm": {
     "name": "#%% md\n"
    }
   }
  },
  {
   "cell_type": "code",
   "execution_count": 25,
   "outputs": [
    {
     "data": {
      "text/plain": "array([-0.07487861, -0.00204029, -0.04296999])"
     },
     "execution_count": 25,
     "metadata": {},
     "output_type": "execute_result"
    }
   ],
   "source": [
    "from_homogeneous(homogeneous_head)"
   ],
   "metadata": {
    "collapsed": false,
    "pycharm": {
     "name": "#%%\n"
    }
   }
  },
  {
   "cell_type": "markdown",
   "source": [
    "Once again, we can use opencv convertion function:"
   ],
   "metadata": {
    "collapsed": false,
    "pycharm": {
     "name": "#%% md\n"
    }
   }
  },
  {
   "cell_type": "code",
   "execution_count": 26,
   "outputs": [
    {
     "data": {
      "text/plain": "array([[-0.07487861, -0.00204029, -0.04296999]])"
     },
     "execution_count": 26,
     "metadata": {},
     "output_type": "execute_result"
    }
   ],
   "source": [
    "cv2.convertPointsFromHomogeneous(np.array([homogeneous_head]))[0]"
   ],
   "metadata": {
    "collapsed": false,
    "pycharm": {
     "name": "#%%\n"
    }
   }
  },
  {
   "cell_type": "markdown",
   "source": [
    "We can use these transforms to estimate pitch/yaw/roll values (rotation of the head, relative to the world)."
   ],
   "metadata": {
    "collapsed": false,
    "pycharm": {
     "name": "#%% md\n"
    }
   }
  },
  {
   "cell_type": "code",
   "execution_count": 27,
   "outputs": [],
   "source": [
    "from scipy.spatial.transform import Rotation as R\n",
    "import matplotlib.pyplot as plt\n"
   ],
   "metadata": {
    "collapsed": false,
    "pycharm": {
     "name": "#%%\n"
    }
   }
  },
  {
   "cell_type": "code",
   "execution_count": 28,
   "outputs": [],
   "source": [
    "def get_yaw_pitch_roll_world(item):\n",
    "    rotation = R.from_matrix(item[Modality.WORLD_TO_HEAD][:3,:3])\n",
    "\n",
    "    # We multiply resulting angles by [-1, 1, -1] to use the same positive axis\n",
    "    # as in job generaton json.\n",
    "    yaw, pitch, roll = rotation.as_euler(\"YXZ\", degrees=True) * [-1, 1,-1]\n",
    "    return yaw, pitch, roll"
   ],
   "metadata": {
    "collapsed": false,
    "pycharm": {
     "name": "#%%\n"
    }
   }
  },
  {
   "cell_type": "code",
   "execution_count": 29,
   "outputs": [
    {
     "data": {
      "text/plain": "<matplotlib.image.AxesImage at 0x7fb178587ac0>"
     },
     "execution_count": 29,
     "metadata": {},
     "output_type": "execute_result"
    },
    {
     "data": {
      "text/plain": "<Figure size 1440x1440 with 1 Axes>",
